RESULTS : 
P11150 : 49.3256262042389
P77044 : 48.8977955911824
Q71U36 : 47.3942969518191
Q63HQ2 : 45.1388888888889
